[gd_scene load_steps=2 format=3 uid="uid://cfmbqrwlbt0cw"]

[ext_resource type="PackedScene" uid="uid://f6ufp4s52lfo" path="res://Scenes/Test/gobot.tscn" id="1_tvwgn"]

[node name="gobot2" instance=ExtResource("1_tvwgn")]

[node name="Physical Bone Body" parent="ArmaturePhysics/Skeleton3D" index="1"]
transform = Transform3D(0.99936, -0.00497685, -0.0354203, 9.15632e-09, 0.990268, -0.139172, 0.0357712, 0.139081, 0.98963, 0, 0.371494, 0)
joint_offset = Transform3D(1, 0, 0, 0, 1, 0, 0, 0, 1, -1.81433e-08, 0.0171633, -0.00241211)
body_offset = Transform3D(0.99936, -0.00497684, -0.0354202, 9.15632e-09, 0.990268, -0.139172, 0.0357711, 0.139081, 0.98963, 0, -0.017332, 0)

[node name="Physical Bone Hips" parent="ArmaturePhysics/Skeleton3D" index="2"]
transform = Transform3D(0.0354226, -0.572313, -0.819197, 0.139169, -0.808927, 0.571196, -0.989624, -0.13424, 0.0510031, 0.0489114, 0.337389, -0.00304534)
joint_offset = Transform3D(1, 0, 0, 0, 1, 0, 0, 0, 1, 0.00241203, -0.0140212, 0.0696064)
body_offset = Transform3D(0.0354227, -0.572313, -0.819197, -0.139169, 0.808927, -0.571196, 0.989624, 0.13424, -0.051003, 0.0489114, 0.0514367, 0.00304534)

[node name="Physical Bone UpperLeg_L" parent="ArmaturePhysics/Skeleton3D" index="3"]
transform = Transform3D(0.940638, -0.307362, -0.144078, -0.00443257, -0.435337, 0.901007, -0.339382, -0.846209, -0.411195, 0.104696, 0.260337, 0.0135094)
joint_offset = Transform3D(1, 0, 0, 0, 1, 0, 0, 0, 1, -0.00240664, -0.0123203, 0.0601947)
body_offset = Transform3D(0.940638, -0.307362, -0.144078, -0.00970067, 0.399729, -0.917345, 0.339272, 0.8636, 0.373327, 0.00714973, 0.0601208, -0.011016)

[node name="Physical Bone UpperLeg_R" parent="ArmaturePhysics/Skeleton3D" index="4"]
transform = Transform3D(0.381857, 0.827326, 0.412002, -0.191911, -0.365052, 0.911021, 0.904085, -0.426929, 0.0193578, -0.116795, 0.259814, -0.0139936)
joint_offset = Transform3D(1, 0, 0, 0, 1, 0, 0, 0, 1, 0.00846162, -0.012003, 0.0629795)
body_offset = Transform3D(0.381857, 0.827326, 0.412002, 0.229384, 0.346961, -0.909425, -0.895311, 0.441757, -0.0572693, -0.0192484, 0.0594988, 0.016485)

[node name="Physical Bone UpperArm_L" parent="ArmaturePhysics/Skeleton3D" index="5"]
transform = Transform3D(-0.133813, 0.697238, -0.704341, -0.143168, 0.69052, 0.709931, 0.981454, 0.192523, 0.00417709, 0.176226, 0.45811, 0.0232966)
joint_offset = Transform3D(1, 0, 0, 0, 1, 0, 0, 0, 1, -0.0258141, 0.0088407, 0.0806334)
body_offset = Transform3D(0.979405, 0.20264, -0.00606267, -0.148067, 0.694365, -0.704327, -0.143169, 0.690521, 0.70993, 0.0239798, 0.0468314, -0.0670445)

[node name="Physical Bone LowerArm_L" parent="ArmaturePhysics/Skeleton3D" index="6"]
transform = Transform3D(0.106193, 0.994325, 0.00648991, 0.773111, -0.0885986, 0.603018, 0.600238, -0.0588949, -0.797702, 0.223809, 0.363402, 0.0843403)
joint_offset = Transform3D(1, 0, 0, 0, 1, 0, 0, 0, 1, 0.0821097, 0.0318343, 0.167646)
body_offset = Transform3D(0.598891, -0.0710814, -0.797721, 0.113544, 0.993529, -0.00329086, 0.773111, -0.0885984, 0.603018, 0.0868227, -0.0403997, -0.161753)

[node name="Physical Bone Thumb_1_L" parent="ArmaturePhysics/Skeleton3D" index="7"]
transform = Transform3D(0.66491, 0.720489, 0.196948, 0.681233, -0.693096, 0.235656, 0.306296, -0.0225255, -0.951641, 0.215936, 0.308291, 0.180972)
joint_offset = Transform3D(1, 0, 0, 0, 1, 0, 0, 0, 1, 0.204311, 0.0181944, 0.208639)
body_offset = Transform3D(0.697073, -0.504624, -0.509337, 0.63059, 0.769573, 0.10056, 0.341243, -0.391287, 0.854639, -0.0269707, -0.163819, -0.240912)

[node name="Physical Bone Finger_1_1_L" parent="ArmaturePhysics/Skeleton3D" index="8"]
transform = Transform3D(-0.598837, 0.776789, 0.194444, 0.412236, 0.0908808, 0.906557, 0.686602, 0.604314, -0.3747, 0.287051, 0.317054, 0.18021)
joint_offset = Transform3D(1, 0, 0, 0, 1, 0, 0, 0, 1, -0.0817013, 0.0353643, 0.307851)
body_offset = Transform3D(0.686277, 0.604313, -0.375296, -0.549012, 0.782078, 0.294549, 0.477049, 0.00390327, 0.87889, 0.150234, -0.16319, -0.23173)

[node name="Physical Bone Finger_2_1_L" parent="ArmaturePhysics/Skeleton3D" index="9"]
transform = Transform3D(-0.598834, 0.776917, 0.194442, 0.412234, 0.0908825, 0.906559, 0.68663, 0.604314, -0.365354, 0.328662, 0.288344, 0.132454)
joint_offset = Transform3D(1, 0, 0, 0, 1, 0, 0, 0, 1, -0.0626463, -0.0104159, 0.335444)
body_offset = Transform3D(0.686305, 0.604313, -0.365951, -0.54901, 0.782205, 0.294546, 0.477046, 0.00389064, 0.878899, 0.172045, -0.12505, -0.264896)

[node name="Physical Bone UpperArm_R" parent="ArmaturePhysics/Skeleton3D" index="10"]
transform = Transform3D(0.162348, -0.701522, 0.694226, 0.132984, 0.691446, 0.687708, -0.975425, -0.016268, 0.21264, -0.176931, 0.45964, -0.000137431)
joint_offset = Transform3D(1, 0, 0, 0, 1, 0, 0, 0, 1, 0.0167639, 0.0133811, 0.0785698)
body_offset = Transform3D(0.977682, 0.0060663, -0.202525, -0.14815, 0.701684, -0.697245, 0.132984, 0.691446, 0.687707, -0.000558548, 0.0478767, -0.0655147)

[node name="Physical Bone LowerArm_R" parent="ArmaturePhysics/Skeleton3D" index="11"]
transform = Transform3D(0.251847, -0.936193, 0.245178, -0.798488, -0.0591136, 0.579568, -0.546807, -0.346683, -0.76219, -0.243215, 0.366725, 0.0440075)
joint_offset = Transform3D(1, 0, 0, 0, 1, 0, 0, 0, 1, -0.108923, 0.0272749, 0.126074)
body_offset = Transform3D(0.543678, 0.358135, 0.759127, -0.258532, 0.931872, -0.254504, -0.798488, -0.0591134, 0.579568, -0.046255, -0.0214906, -0.15843)

[node name="Physical Bone Thumb_1_R" parent="ArmaturePhysics/Skeleton3D" index="12"]
transform = Transform3D(0.704009, -0.703817, 0.09656, -0.702812, -0.670436, 0.237259, -0.102109, -0.234864, -0.966634, -0.265509, 0.311847, 0.138417)
joint_offset = Transform3D(1, 0, 0, 0, 1, 0, 0, 0, 1, -0.210319, 0.00539862, 0.117969)
body_offset = Transform3D(0.567368, 0.63933, 0.518728, -0.65135, 0.734181, -0.192388, -0.503823, -0.228558, 0.833011, 0.054683, -0.118259, -0.202999)

[node name="Physical Bone Finger_1_1_R" parent="ArmaturePhysics/Skeleton3D" index="13"]
transform = Transform3D(-0.385117, -0.921621, -0.0483703, -0.396578, 0.117907, 0.910448, -0.833631, 0.369812, -0.416056, -0.332999, 0.322819, 0.116994)
joint_offset = Transform3D(1, 0, 0, 0, 1, 0, 0, 0, 1, 0.00973549, 0.0802439, 0.260589)
body_offset = Transform3D(0.833333, -0.369804, 0.416667, 0.338382, 0.929024, 0.149825, -0.437702, 0.0144134, 0.899054, -0.0870171, -0.116886, -0.231179)

[node name="Physical Bone Finger_2_1_R" parent="ArmaturePhysics/Skeleton3D" index="14"]
transform = Transform3D(-0.385112, -0.921632, -0.0484181, -0.396579, 0.117907, 0.911059, -0.833631, 0.360461, -0.411145, -0.359751, 0.295197, 0.059051)
joint_offset = Transform3D(1, 0, 0, 0, 1, 0, 0, 0, 1, -0.00114717, 0.054239, 0.289361)
body_offset = Transform3D(0.833333, -0.360454, 0.411756, 0.338377, 0.929035, 0.149941, -0.437703, 0.0144059, 0.89966, -0.0986395, -0.0933888, -0.26161)

[editable path="gobot"]
