[gd_scene load_steps=4 format=3 uid="uid://dmbvcaul4ogw8"]

[ext_resource type="PackedScene" uid="uid://cksoue53vgp3g" path="res://Scenes/Test/gobot2.tscn" id="1_qejbi"]
[ext_resource type="PackedScene" uid="uid://dtx3n2c84q6gm" path="res://stamina_bar_3d.tscn" id="2_ofcqc"]

[sub_resource type="ViewportTexture" id="ViewportTexture_c5o23"]
viewport_path = NodePath("SubViewport")

[node name="gobot" instance=ExtResource("1_qejbi")]

[node name="Physical Bone Hips" parent="Armature3/Skeleton3D" index="2"]
transform = Transform3D(-1.22505e-10, -0.576808, -0.81688, 0, -0.81688, 0.576808, -1, 7.07168e-11, 1.00115e-10, 0.0487734, 0.354387, -5.98166e-12)
joint_offset = Transform3D(1, 0, 0, 0, 1, 0, 0, 0, 1, -4.21885e-15, 4.47035e-08, 0.0597069)
body_offset = Transform3D(6.34505e-08, -0.576808, -0.81688, 0, 0.81688, -0.576808, 1, 3.65987e-08, 5.18314e-08, 0.0487734, 0.0344394, -3.09469e-09)

[node name="Physical Bone UpperLeg_L" parent="Armature3/Skeleton3D" index="3"]
transform = Transform3D(1, 7.08603e-13, -8.69539e-08, 8.68785e-08, -0.0416328, 0.999133, -3.62004e-09, -0.999133, -0.0416328, 0.0975467, 0.272281, 0.00198632)
joint_offset = Transform3D(1, 0, 0, 0, 1, 0, 0, 0, 1, -3.42852e-09, 1.34864e-07, 0.0477072)
body_offset = Transform3D(1, 6.16222e-13, -8.43072e-08, -8.43072e-08, 3.72529e-09, -1, 7.10543e-15, 1, 3.72529e-09, 7.45058e-09, 0.0477072, -1.35042e-07)

[node name="Physical Bone UpperLeg_R" parent="Armature3/Skeleton3D" index="4"]
transform = Transform3D(1, 7.07839e-13, 6.92192e-08, -6.91645e-08, -0.0416328, 0.999133, 2.88212e-09, -0.999133, -0.0416328, -0.0975467, 0.272281, 0.00198632)
joint_offset = Transform3D(1, 0, 0, 0, 1, 0, 0, 0, 1, -3.42852e-09, 1.34864e-07, 0.0477072)
body_offset = Transform3D(1, 6.15459e-13, 7.18659e-08, 7.18712e-08, 3.72529e-09, -1, -1.13243e-14, 1, 3.72529e-09, 0, 0.0477072, -1.35042e-07)

[node name="Physical Bone UpperArm_L" parent="Armature3/Skeleton3D" index="5"]
transform = Transform3D(0.0145391, 1.11087e-06, -0.999894, 1.04275e-06, 0.999629, 1.11889e-06, 0.999894, -1.1929e-06, 0.0145385, 0.197224, 0.530502, -0.00099944)
joint_offset = Transform3D(1, 0, 0, 0, 1, 0, 0, 0, 1, 8.26971e-06, -0.0053487, 0.0681801)
body_offset = Transform3D(1, -1.18544e-07, 5.58794e-09, 6.22123e-07, 1.29495e-07, -1, 5.92744e-08, 0.999629, 4.60091e-08, -8.27073e-06, 0.0681801, 0.00534672)

[node name="Physical Bone LowerArm_L" parent="Armature3/Skeleton3D" index="6"]
transform = Transform3D(-0.00828917, 0.403831, -0.91485, 0.736648, 0.620377, 0.266978, 0.675721, -0.672008, -0.302807, 0.335394, 0.504601, 0.0213089)
joint_offset = Transform3D(1, 0, 0, 0, 1, 0, 0, 0, 1, 1.25738e-05, 0.000109095, 0.0766979)
body_offset = Transform3D(0.675772, -0.676908, -0.291568, -3.96278e-06, 0.395561, -0.918494, 0.736648, 0.620377, 0.266978, 0.022428, 0.0704034, -0.0205536)

[node name="Physical Bone Thumb_1_L" parent="Armature3/Skeleton3D" index="7"]
transform = Transform3D(1.09219e-05, 0.113284, -0.99271, 0.703105, 0.70501, 0.0801026, 0.703874, -0.699889, -0.0799953, 0.442799, 0.481063, 0.0475517)
joint_offset = Transform3D(1, 0, 0, 0, 1, 0, 0, 0, 1, 3.07513e-06, -6.72392e-06, 0.0370841)
body_offset = Transform3D(0.99488, 4.60148e-05, 7.50236e-05, 7.16634e-05, 1.07661e-06, -0.999144, 0.00301877, 0.999859, 3.43472e-06, -5.84126e-06, 0.0370523, 6.58631e-06)

[node name="Physical Bone Finger_1_1_L" parent="Armature3/Skeleton3D" index="8"]
transform = Transform3D(7.78059e-05, -0.111764, -0.993735, -0.000674506, 0.993726, -0.111766, 1, 0.000679196, 2.17937e-06, 0.467247, 0.570619, 0.0301404)
joint_offset = Transform3D(1, 0, 0, 0, 1, 0, 0, 0, 1, -7.22769e-06, -5.0464e-06, 0.0442164)
body_offset = Transform3D(1, 2.35566e-07, 2.24877e-07, 1.4749e-08, 4.68085e-07, -1, 6.04196e-08, 0.999992, -4.53006e-07, 7.21775e-06, 0.0442164, 5.06639e-06)

[node name="Physical Bone Finger_2_1_L" parent="Armature3/Skeleton3D" index="9"]
transform = Transform3D(7.78784e-05, -0.111766, -0.993735, -0.000674498, 0.993726, -0.111766, 1, 0.000673215, 2.95255e-06, 0.467244, 0.569183, -0.039328)
joint_offset = Transform3D(1, 0, 0, 0, 1, 0, 0, 0, 1, -8.40542e-05, 0.00142201, 0.0440523)
body_offset = Transform3D(1, -5.74614e-06, 9.57824e-07, 4.74181e-08, -1.0444e-06, -1, 6.04196e-08, 0.999992, -1.8426e-07, 8.40202e-05, 0.0440523, -0.00142199)

[node name="Physical Bone UpperArm_R" parent="Armature3/Skeleton3D" index="10"]
transform = Transform3D(0.0145393, -1.0114e-06, 0.999894, -1.01329e-06, 1, 1.13031e-06, -0.999894, -1.07397e-06, 0.0145387, -0.197161, 0.530085, -0.000991708)
joint_offset = Transform3D(1, 0, 0, 0, 1, 0, 0, 0, 1, -1.43951e-06, -0.00492973, 0.0681172)
body_offset = Transform3D(1, 6.82235e-10, -3.53903e-08, -6.2678e-07, 2.79358e-08, -1, -2.98147e-08, 1, 5.74275e-08, 1.44192e-06, 0.0681172, 0.00492972)

[node name="Physical Bone LowerArm_R" parent="Armature3/Skeleton3D" index="11"]
transform = Transform3D(-0.00828917, -0.404103, 0.914818, -0.737019, 0.615396, 0.267348, -0.675743, -0.672009, -0.302757, -0.335777, 0.504601, 0.0213076)
joint_offset = Transform3D(1, 0, 0, 0, 1, 0, 0, 0, 1, 7.16653e-06, -6.26389e-05, 0.0770435)
body_offset = Transform3D(0.675794, 0.676913, 0.291518, 3.81656e-06, 0.395833, -0.918461, -0.737019, 0.615397, 0.267348, -0.022422, 0.0707862, -0.0205536)

[node name="Physical Bone Thumb_1_R" parent="Armature3/Skeleton3D" index="12"]
transform = Transform3D(-0.00040567, -0.113284, 0.99319, -0.704017, 0.704987, 0.080062, -0.709058, -0.69988, -0.0800902, -0.442797, 0.481064, 0.0475613)
joint_offset = Transform3D(1, 0, 0, 0, 1, 0, 0, 0, 1, 7.49351e-07, 2.15634e-07, 0.0370654)
body_offset = Transform3D(0.999202, -3.65376e-05, 2.08057e-05, 1.19209e-07, 3.28943e-06, -0.999625, 1.43349e-05, 0.999836, -1.30534e-05, -1.51992e-06, 0.0370515, 2.68221e-07)

[node name="Physical Bone Finger_1_1_R" parent="Armature3/Skeleton3D" index="13"]
transform = Transform3D(7.80073e-05, 0.111764, 0.993664, 0.000670728, 0.993701, -0.111758, -0.994602, 0.000669788, 1.47711e-06, -0.467244, 0.570622, 0.0300644)
joint_offset = Transform3D(1, 0, 0, 0, 1, 0, 0, 0, 1, -6.91182e-05, -8.42994e-06, 0.044217)
body_offset = Transform3D(0.994603, 9.2382e-06, 6.4409e-07, -4.81464e-07, -2.28872e-06, -0.999929, -2.09198e-07, 0.999967, -7.73857e-07, 6.87167e-05, 0.0442139, 8.46386e-06)

[node name="Physical Bone Finger_2_1_R" parent="Armature3/Skeleton3D" index="14"]
transform = Transform3D(7.81211e-05, 0.111766, 0.993735, 0.000674582, 0.993734, -0.111765, -1, 0.000679414, 2.70945e-06, -0.46727, 0.570372, -0.0394568)
joint_offset = Transform3D(1, 0, 0, 0, 1, 0, 0, 0, 1, -4.55323e-05, 0.000243631, 0.0442114)
body_offset = Transform3D(1, -3.65544e-07, -5.47021e-07, -1.12327e-07, -1.50455e-07, -1, -3.25381e-08, 1, 7.39448e-07, 4.55566e-05, 0.0442114, -0.000243664)

[node name="Physical Bone Hips" parent="Armature2/Skeleton3D" index="2"]
transform = Transform3D(-1.22505e-10, -0.576808, -0.81688, 0, -0.81688, 0.576808, -1, 7.07168e-11, 1.00115e-10, 0.0487734, 0.354387, -1.77636e-15)
joint_offset = Transform3D(1, 0, 0, 0, 1, 0, 0, 0, 1, 5.97566e-12, 4.47035e-08, 0.0597069)
body_offset = Transform3D(6.34505e-08, -0.576808, -0.81688, 0, 0.81688, -0.576808, 1, 3.65987e-08, 5.18314e-08, 0.0487734, 0.0344394, -3.10067e-09)

[node name="Physical Bone UpperLeg_L" parent="Armature2/Skeleton3D" index="3"]
transform = Transform3D(1, 7.09095e-13, -8.69539e-08, 8.68785e-08, -0.0416328, 0.999133, -3.62004e-09, -0.999133, -0.0416328, 0.0975467, 0.272284, 0.00198662)
joint_offset = Transform3D(1, 0, 0, 0, 1, 0, 0, 0, 1, -3.42877e-09, 5.63272e-07, 0.0477042)
body_offset = Transform3D(1, 6.16715e-13, -8.43072e-08, -8.43072e-08, 3.72529e-09, -1, 7.10543e-15, 1, 3.72529e-09, 7.45058e-09, 0.0477042, -5.6345e-07)

[node name="Physical Bone UpperLeg_R" parent="Armature2/Skeleton3D" index="4"]
transform = Transform3D(1, 7.08332e-13, 6.92192e-08, -6.91645e-08, -0.0416328, 0.999133, 2.88212e-09, -0.999133, -0.0416328, -0.0975467, 0.272284, 0.00198662)
joint_offset = Transform3D(1, 0, 0, 0, 1, 0, 0, 0, 1, -3.4283e-09, 5.63272e-07, 0.0477042)
body_offset = Transform3D(1, 6.15952e-13, 7.18659e-08, 7.18712e-08, 3.72529e-09, -1, -1.13243e-14, 1, 3.72529e-09, 0, 0.0477042, -5.6345e-07)

[node name="Physical Bone UpperArm_L" parent="Armature2/Skeleton3D" index="5"]
transform = Transform3D(0.0145391, 1.09949e-06, -0.999894, 1.04273e-06, 0.999612, 1.11887e-06, 0.999894, -1.19247e-06, 0.0145385, 0.197161, 0.530506, -0.000985566)
joint_offset = Transform3D(1, 0, 0, 0, 1, 0, 0, 0, 1, -4.69034e-06, -0.00535309, 0.0681172)
body_offset = Transform3D(1, -1.18302e-07, 5.58794e-09, 6.22123e-07, 1.18128e-07, -1, 5.92578e-08, 0.999612, 4.59842e-08, 4.68933e-06, 0.0681172, 0.00535101)

[node name="Physical Bone LowerArm_L" parent="Armature2/Skeleton3D" index="6"]
transform = Transform3D(-0.00828917, 0.403831, -0.91485, 0.736631, 0.62036, 0.26696, 0.675721, -0.672008, -0.302807, 0.335386, 0.504601, 0.0213115)
joint_offset = Transform3D(1, 0, 0, 0, 1, 0, 0, 0, 1, 1.22068e-05, 0.000115116, 0.0766923)
body_offset = Transform3D(0.675772, -0.676908, -0.291568, -3.96278e-06, 0.395561, -0.918494, 0.736631, 0.62036, 0.26696, 0.0224307, 0.0703959, -0.0205542)

[node name="Physical Bone Thumb_1_L" parent="Armature2/Skeleton3D" index="7"]
transform = Transform3D(1.09219e-05, 0.113284, -0.99271, 0.703105, 0.70501, 0.0801026, 0.703874, -0.699889, -0.0799953, 0.442799, 0.481063, 0.0475517)
joint_offset = Transform3D(1, 0, 0, 0, 1, 0, 0, 0, 1, 3.07513e-06, -6.72392e-06, 0.0370841)
body_offset = Transform3D(0.99488, 4.60148e-05, 7.50236e-05, 7.16634e-05, 1.07661e-06, -0.999144, 0.00301877, 0.999859, 3.43472e-06, -5.84126e-06, 0.0370523, 6.58631e-06)

[node name="Physical Bone Finger_1_1_L" parent="Armature2/Skeleton3D" index="8"]
transform = Transform3D(7.78059e-05, -0.111764, -0.993735, -0.000674506, 0.993726, -0.111766, 1, 0.000679213, 2.17865e-06, 0.467248, 0.570618, 0.0301253)
joint_offset = Transform3D(1, 0, 0, 0, 1, 0, 0, 0, 1, 7.88957e-06, -3.31786e-06, 0.0442181)
body_offset = Transform3D(1, 2.52621e-07, 2.24156e-07, 1.4749e-08, 4.68084e-07, -1, 6.04196e-08, 0.999992, -4.53006e-07, -7.89948e-06, 0.0442181, 3.33786e-06)

[node name="Physical Bone Finger_2_1_L" parent="Armature2/Skeleton3D" index="9"]
transform = Transform3D(7.78784e-05, -0.111766, -0.993735, -0.000674498, 0.993726, -0.111766, 1, 0.000673194, 2.95352e-06, 0.467244, 0.569179, -0.0393468)
joint_offset = Transform3D(1, 0, 0, 0, 1, 0, 0, 0, 1, -6.5275e-05, 0.00142612, 0.0440519)
body_offset = Transform3D(1, -5.76733e-06, 9.58802e-07, 4.74181e-08, -1.0444e-06, -1, 6.04196e-08, 0.999992, -1.84259e-07, 6.5241e-05, 0.0440519, -0.0014261)

[node name="Physical Bone UpperArm_R" parent="Armature2/Skeleton3D" index="10"]
transform = Transform3D(0.0145393, -1.0114e-06, 0.999894, -1.01329e-06, 1, 1.13031e-06, -0.999894, -1.07397e-06, 0.0145387, -0.197224, 0.530071, -0.00101026)
joint_offset = Transform3D(1, 0, 0, 0, 1, 0, 0, 0, 1, -1.90791e-05, -0.00491637, 0.0681803)
body_offset = Transform3D(1, 6.82235e-10, -3.53903e-08, -6.2678e-07, 2.79358e-08, -1, -2.98147e-08, 1, 5.74275e-08, 1.90815e-05, 0.0681803, 0.00491637)

[node name="Physical Bone LowerArm_R" parent="Armature2/Skeleton3D" index="11"]
transform = Transform3D(-0.00828917, -0.404103, 0.914818, -0.737019, 0.615392, 0.267348, -0.675743, -0.672008, -0.302757, -0.335777, 0.504601, 0.0212977)
joint_offset = Transform3D(1, 0, 0, 0, 1, 0, 0, 0, 1, 1.06171e-07, -6.90054e-05, 0.0770407)
body_offset = Transform3D(0.675794, 0.676911, 0.291518, 3.81656e-06, 0.395833, -0.918461, -0.737019, 0.615393, 0.267348, -0.0224121, 0.0707861, -0.0205541)

[node name="Physical Bone Thumb_1_R" parent="Armature2/Skeleton3D" index="12"]
transform = Transform3D(-0.000405158, -0.113284, 0.99319, -0.703994, 0.704987, 0.080062, -0.709028, -0.69988, -0.0800902, -0.442795, 0.481063, 0.0475622)
joint_offset = Transform3D(1, 0, 0, 0, 1, 0, 0, 0, 1, 1.82772e-07, 2.27232e-06, 0.0370637)
body_offset = Transform3D(0.999164, -3.65376e-05, 2.08057e-05, 7.45058e-08, 3.28943e-06, -0.999625, 1.03414e-05, 0.999836, -1.30534e-05, -9.53674e-07, 0.0370498, -1.78814e-06)

[node name="Physical Bone Finger_1_1_R" parent="Armature2/Skeleton3D" index="13"]
transform = Transform3D(7.80073e-05, 0.111764, 0.993664, 0.000670725, 0.993701, -0.111758, -0.994598, 0.000669801, 1.47765e-06, -0.467248, 0.570614, 0.0299911)
joint_offset = Transform3D(1, 0, 0, 0, 1, 0, 0, 0, 1, -0.000142828, 6.30258e-07, 0.0442208)
body_offset = Transform3D(0.994599, 9.22527e-06, 6.43554e-07, -4.818e-07, -2.28872e-06, -0.999929, -2.09373e-07, 0.999967, -7.73857e-07, 0.000142029, 0.0442176, -5.96046e-07)

[node name="Physical Bone Finger_2_1_R" parent="Armature2/Skeleton3D" index="14"]
transform = Transform3D(7.81211e-05, 0.111766, 0.993735, 0.000674582, 0.993734, -0.111765, -1, 0.000679432, 2.70814e-06, -0.46725, 0.570607, -0.0394142)
joint_offset = Transform3D(1, 0, 0, 0, 1, 0, 0, 0, 1, -3.01943e-06, 7.89472e-06, 0.0442179)
body_offset = Transform3D(1, -3.82599e-07, -5.4571e-07, -1.12327e-07, -1.50455e-07, -1, -3.25381e-08, 1, 7.39447e-07, 3.04356e-06, 0.0442179, -7.92742e-06)

[node name="Physical Bone Body" parent="Armature/Skeleton3D" index="1"]
transform = Transform3D(1, -1.33827e-10, -8.68873e-08, -1.81467e-08, 0.978219, -0.207574, 8.55186e-08, 0.207574, 0.978219, -7.40167e-15, 0.31112, -0.0517609)
joint_offset = Transform3D(1, 0, 0, 0, 1, 0, 0, 0, 1, 8.92166e-16, -2.68221e-07, -7.45058e-08)
body_offset = Transform3D(1, -1.33863e-10, 5.35429e-10, 0, 1, 1.04308e-07, 0, -1.04308e-07, 1, -8.88178e-16, 2.68221e-07, 7.45058e-08)

[node name="Physical Bone Hips" parent="Armature/Skeleton3D" index="2"]
transform = Transform3D(4.12825e-10, -0.576808, -0.81688, 0.207574, -0.799087, 0.564245, -0.978219, -0.169563, 0.119731, 0.0487734, 0.277429, -0.05891)
joint_offset = Transform3D(1, 0, 0, 0, 1, 0, 0, 0, 1, -2.93571e-08, -1.03004e-06, 0.0597077)
body_offset = Transform3D(6.39859e-08, -0.576808, -0.81688, 1.04308e-07, 0.816879, -0.576808, 1, 3.27826e-07, -7.45058e-09, 0.0487734, 0.0344407, 2.98023e-08)

[node name="Physical Bone UpperLeg_L" parent="Armature/Skeleton3D" index="3"]
transform = Transform3D(0.862984, -0.112381, -0.492624, -0.0364058, -0.986308, 0.16121, -0.503917, -0.121189, -0.855241, 0.121046, 0.236058, -0.025256)
joint_offset = Transform3D(1, 0, 0, 0, 1, 0, 0, 0, 1, 3.459e-06, 7.28735e-06, 0.0477057)
body_offset = Transform3D(1, -6.45965e-06, -2.58088e-05, -2.98023e-07, -1.29491e-05, -1.00005, -1.30385e-07, 1.00006, -8.76933e-06, -2.22772e-06, 0.0477082, -6.86944e-06)

[node name="Physical Bone UpperLeg_R" parent="Armature/Skeleton3D" index="4"]
transform = Transform3D(0.862985, 0.112372, 0.492582, 0.0364066, -0.986211, 0.16119, 0.503917, -0.121173, -0.855208, -0.121046, 0.23605, -0.0252588)
joint_offset = Transform3D(1, 0, 0, 0, 1, 0, 0, 0, 1, -1.63942e-07, -1.70952e-06, 0.0477074)
body_offset = Transform3D(1, 9.68575e-06, 4.52995e-06, -2.98023e-07, -1.16378e-05, -1, -1.37836e-07, 0.999962, 8.49366e-07, -5.21541e-08, 0.0477074, 1.66893e-06)

[node name="Physical Bone UpperArm_L" parent="Armature/Skeleton3D" index="5"]
transform = Transform3D(0.142682, 0.192064, -0.970972, 0.202604, 0.954725, 0.218579, 0.96881, -0.22794, 0.0972876, 0.195191, 0.429593, -0.0300894)
joint_offset = Transform3D(1, 0, 0, 0, 1, 0, 0, 0, 1, -3.06265e-07, -1.70596e-06, 0.0681163)
body_offset = Transform3D(1, 3.96371e-06, -1.84774e-06, 3.7998e-07, 3.37884e-06, -1.00001, 5.06639e-07, 1.00017, 2.15489e-05, 4.32134e-07, 0.0681173, 2.38419e-07)

[node name="Physical Bone LowerArm_L" parent="Armature/Skeleton3D" index="6"]
transform = Transform3D(-0.517853, 0.821606, 0.238007, 0.845704, 0.532868, -3.44217e-05, -0.126623, 0.201599, -0.971254, 0.242995, 0.414643, 0.0377867)
joint_offset = Transform3D(1, 0, 0, 0, 1, 0, 0, 0, 1, 1.4808e-05, 9.84566e-05, 0.0767273)
body_offset = Transform3D(0.675775, -0.67691, -0.291571, -3.8892e-06, 0.395562, -0.918508, 0.736715, 0.620444, 0.267043, 0.0224281, 0.0704357, -0.0205615)

[node name="Physical Bone Thumb_1_L" parent="Armature/Skeleton3D" index="7"]
transform = Transform3D(-0.0476574, 0.0368354, 0.998244, 0.959051, -0.277427, 0.0560331, 0.278949, 0.960099, -0.0221008, 0.187724, 0.412586, 0.1135)
joint_offset = Transform3D(1, 0, 0, 0, 1, 0, 0, 0, 1, 3.28746e-07, 1.80012e-07, 0.037056)
body_offset = Transform3D(0.999931, -2.11596e-06, -2.42144e-08, 1.49012e-08, -4.77768e-06, -1.00006, -1.78814e-06, 1.00006, 1.77696e-06, -3.27826e-07, 0.0370582, -2.45869e-07)

[node name="Physical Bone Finger_1_1_L" parent="Armature/Skeleton3D" index="8"]
transform = Transform3D(-0.974404, 0.147977, -0.169519, 0.212763, 0.851099, -0.479964, 0.073269, -0.503719, -0.860754, 0.264014, 0.51434, 0.147893)
joint_offset = Transform3D(1, 0, 0, 0, 1, 0, 0, 0, 1, -7.27143e-06, -5.37188e-06, 0.0442151)
body_offset = Transform3D(1.00005, -5.26756e-06, 0, 5.24521e-06, 3.48687e-06, -1, -8.24779e-06, 1, -5.06639e-07, 7.27177e-06, 0.0442151, 5.39422e-06)

[node name="Physical Bone Finger_2_1_L" parent="Armature/Skeleton3D" index="9"]
transform = Transform3D(-0.974365, 0.14797, -0.169519, 0.21276, 0.851098, -0.479965, 0.0732589, -0.503724, -0.860754, 0.331774, 0.499495, 0.142816)
joint_offset = Transform3D(1, 0, 0, 0, 1, 0, 0, 0, 1, 8.06807e-07, -1.20345e-06, 0.0442146)
body_offset = Transform3D(1.00001, 7.7486e-07, -7.22706e-07, 1.21444e-06, -2.35438e-06, -1, -7.1153e-07, 1, -4.17233e-07, -7.7486e-07, 0.0442146, 1.2219e-06)

[node name="Physical Bone UpperArm_R" parent="Armature/Skeleton3D" index="10"]
transform = Transform3D(0.142687, -0.192125, 0.97127, -0.202611, 0.954983, 0.218654, -0.968832, -0.228061, 0.0973715, -0.195124, 0.429256, -0.0300087)
joint_offset = Transform3D(1, 0, 0, 0, 1, 0, 0, 0, 1, 4.31416e-06, 0.000351639, 0.0680959)
body_offset = Transform3D(1.00002, 5.09024e-05, -5.13643e-05, -4.47035e-07, 1.8537e-05, -1.00033, -2.02656e-06, 1.00046, 1.77398e-05, -8.34465e-07, 0.0681182, -0.000353009)

[node name="Physical Bone LowerArm_R" parent="Armature/Skeleton3D" index="11"]
transform = Transform3D(-0.517901, -0.821664, -0.238019, -0.846032, 0.533166, 0.000276715, 0.126686, 0.201549, -0.971276, -0.243037, 0.414716, 0.0381251)
joint_offset = Transform3D(1, 0, 0, 0, 1, 0, 0, 0, 1, 2.10479e-06, -5.63404e-05, 0.0770443)
body_offset = Transform3D(0.675886, 0.676906, 0.291519, 4.24683e-07, 0.395583, -0.918462, -0.737033, 0.62075, 0.267348, -0.0224231, 0.0707845, -0.0205611)

[node name="Physical Bone Thumb_1_R" parent="Armature/Skeleton3D" index="12"]
transform = Transform3D(-0.0476332, -0.0368102, -0.997916, -0.958484, -0.277384, 0.0559949, -0.278782, 0.959884, -0.0221192, -0.18773, 0.412587, 0.1135)
joint_offset = Transform3D(1, 0, 0, 0, 1, 0, 0, 0, 1, -6.83202e-07, 9.29881e-07, 0.0370617)
body_offset = Transform3D(0.99934, 2.13981e-05, 2.8071e-05, -1.95205e-06, 1.40537e-05, -0.99973, 1.84774e-06, 0.999837, -1.64416e-05, -3.57628e-07, 0.0370517, -3.20375e-07)

[node name="Physical Bone Finger_1_1_R" parent="Armature/Skeleton3D" index="13"]
transform = Transform3D(-0.974321, -0.147967, 0.169527, -0.212747, 0.851088, -0.480012, -0.0732554, -0.503717, -0.860773, -0.264021, 0.514336, 0.147891)
joint_offset = Transform3D(1, 0, 0, 0, 1, 0, 0, 0, 1, -1.16548e-07, -2.16963e-06, 0.0442106)
body_offset = Transform3D(0.999964, -4.80562e-07, 4.32134e-06, 7.59959e-07, -2.68221e-07, -1.00004, 1.87755e-06, 0.999988, -3.11434e-05, -7.45058e-08, 0.0442124, 3.54648e-06)

[node name="Physical Bone Finger_2_1_R" parent="Armature/Skeleton3D" index="14"]
transform = Transform3D(-0.974354, -0.14797, 0.16952, -0.212756, 0.851097, -0.479964, -0.0732576, -0.503721, -0.860754, -0.331777, 0.499497, 0.142816)
joint_offset = Transform3D(1, 0, 0, 0, 1, 0, 0, 0, 1, -3.05507e-06, -3.04167e-06, 0.0442161)
body_offset = Transform3D(0.999999, 3.42727e-07, 7.45058e-09, 3.05474e-07, 3.57628e-07, -1, 3.57628e-07, 0.999998, 7.15256e-07, 3.05474e-06, 0.0442161, 3.01003e-06)

[node name="SubViewport" type="SubViewport" parent="." index="5"]
disable_3d = true
transparent_bg = true

[node name="StaminaBar3D" parent="SubViewport" index="0" instance=ExtResource("2_ofcqc")]

[node name="Sprite3D" type="Sprite3D" parent="." index="6"]
transform = Transform3D(1, 0, 0, 0, 1, 0, 0, 0, 1, 0, 1.8, 0)
billboard = 1
texture = SubResource("ViewportTexture_c5o23")
