[gd_scene load_steps=4 format=3 uid="uid://dkh3ohvaghbiv"]

[ext_resource type="PackedScene" uid="uid://cksoue53vgp3g" path="res://Scenes/Test/gobot2.tscn" id="1_qejbi"]
[ext_resource type="PackedScene" uid="uid://bxh4jmbhsxb3h" path="res://stamina_bar_3d.tscn" id="2_ofcqc"]

[sub_resource type="ViewportTexture" id="ViewportTexture_c5o23"]
viewport_path = NodePath("SubViewport")

[node name="gobot" instance=ExtResource("1_qejbi")]

[node name="Physical Bone Hips" parent="Armature3/Skeleton3D" index="2"]
transform = Transform3D(-1.22505e-10, -0.576808, -0.81688, 0, -0.81688, 0.576808, -1, 7.07168e-11, 1.00115e-10, 0.0487734, 0.354387, -5.98166e-12)
joint_offset = Transform3D(1, 0, 0, 0, 1, 0, 0, 0, 1, -4.21885e-15, 4.47035e-08, 0.0597069)
body_offset = Transform3D(6.34505e-08, -0.576808, -0.81688, 0, 0.81688, -0.576808, 1, 3.65987e-08, 5.18314e-08, 0.0487734, 0.0344394, -3.09469e-09)

[node name="Physical Bone UpperLeg_L" parent="Armature3/Skeleton3D" index="3"]
transform = Transform3D(1, 5.34395e-13, -8.69539e-08, 8.68785e-08, -0.0416328, 0.999133, -3.62004e-09, -0.999133, -0.0416328, 0.0975467, 0.272281, 0.00198632)
joint_offset = Transform3D(1, 0, 0, 0, 1, 0, 0, 0, 1, -3.42852e-09, 1.34864e-07, 0.0477072)
body_offset = Transform3D(1, 4.42014e-13, -8.43072e-08, -8.43072e-08, 3.72529e-09, -1, 7.10543e-15, 1, 3.72529e-09, 7.45058e-09, 0.0477072, -1.35042e-07)

[node name="Physical Bone UpperLeg_R" parent="Armature3/Skeleton3D" index="4"]
transform = Transform3D(1, 5.33632e-13, 6.92192e-08, -6.91645e-08, -0.0416328, 0.999133, 2.88212e-09, -0.999133, -0.0416328, -0.0975467, 0.272281, 0.00198632)
joint_offset = Transform3D(1, 0, 0, 0, 1, 0, 0, 0, 1, -3.42852e-09, 1.34864e-07, 0.0477072)
body_offset = Transform3D(1, 4.41251e-13, 7.18659e-08, 7.18712e-08, 3.72529e-09, -1, -1.17684e-14, 1, 3.72529e-09, 0, 0.0477072, -1.35042e-07)

[node name="Physical Bone UpperArm_L" parent="Armature3/Skeleton3D" index="5"]
transform = Transform3D(0.0145391, 1.10768e-06, -0.999894, 1.04275e-06, 0.999629, 1.12175e-06, 0.999894, -1.1929e-06, 0.0145385, 0.197161, 0.529005, -0.000998359)
joint_offset = Transform3D(1, 0, 0, 0, 1, 0, 0, 0, 1, 8.10423e-06, -0.00385171, 0.0681173)
body_offset = Transform3D(1, -1.1859e-07, 5.58794e-09, 6.22123e-07, 1.26301e-07, -1, 5.92744e-08, 0.999629, 4.88633e-08, -8.10507e-06, 0.0681173, 0.00385028)

[node name="Physical Bone LowerArm_L" parent="Armature3/Skeleton3D" index="6"]
transform = Transform3D(-0.00828917, 0.403831, -0.91485, 0.736648, 0.620377, 0.266978, 0.675721, -0.672008, -0.302807, 0.335394, 0.504601, 0.0213089)
joint_offset = Transform3D(1, 0, 0, 0, 1, 0, 0, 0, 1, 1.25738e-05, 0.000109095, 0.0766979)
body_offset = Transform3D(0.675772, -0.676908, -0.291568, -3.96278e-06, 0.395561, -0.918494, 0.736648, 0.620377, 0.266978, 0.022428, 0.0704034, -0.0205536)

[node name="Physical Bone Thumb_1_L" parent="Armature3/Skeleton3D" index="7"]
transform = Transform3D(-0.000199259, 0.113287, -0.992857, 0.703846, 0.705021, 0.0801043, 0.706738, -0.699909, -0.0800151, 0.442799, 0.481063, 0.0475517)
joint_offset = Transform3D(1, 0, 0, 0, 1, 0, 0, 0, 1, 3.54262e-06, -6.66057e-06, 0.0370786)
body_offset = Transform3D(0.997434, 3.95775e-05, 6.22459e-05, 3.29725e-05, 9.574e-07, -0.999292, 0.00151208, 0.99988, 1.83657e-06, -5.84126e-06, 0.0370523, 6.58631e-06)

[node name="Physical Bone Finger_1_1_L" parent="Armature3/Skeleton3D" index="8"]
transform = Transform3D(7.78059e-05, -0.111764, -0.993735, -0.000674506, 0.993726, -0.111766, 1, 0.000679196, 2.11658e-06, 0.467247, 0.570619, 0.0301404)
joint_offset = Transform3D(1, 0, 0, 0, 1, 0, 0, 0, 1, -7.22492e-06, -5.0464e-06, 0.0442164)
body_offset = Transform3D(1, 2.35566e-07, 1.62084e-07, 1.4749e-08, 4.68085e-07, -1, 6.04196e-08, 0.999992, -4.53048e-07, 7.21775e-06, 0.0442164, 5.06639e-06)

[node name="Physical Bone Finger_2_1_L" parent="Armature3/Skeleton3D" index="9"]
transform = Transform3D(7.78784e-05, -0.111766, -0.993735, -0.000674498, 0.993726, -0.111766, 1, 0.000674676, 2.70198e-06, 0.467244, 0.569183, -0.039328)
joint_offset = Transform3D(1, 0, 0, 0, 1, 0, 0, 0, 1, -8.40453e-05, 0.00142201, 0.0440523)
body_offset = Transform3D(1, -4.28478e-06, 7.07263e-07, 4.74181e-08, -1.0444e-06, -1, 6.04196e-08, 0.999992, -1.8443e-07, 8.40202e-05, 0.0440523, -0.00142199)

[node name="Physical Bone UpperArm_R" parent="Armature3/Skeleton3D" index="10"]
transform = Transform3D(0.0145393, -1.0114e-06, 0.999894, -1.01329e-06, 1, 1.13031e-06, -0.999894, -1.07397e-06, 0.0145387, -0.197161, 0.528588, -0.000992527)
joint_offset = Transform3D(1, 0, 0, 0, 1, 0, 0, 0, 1, -2.2593e-06, -0.00343329, 0.0681172)
body_offset = Transform3D(1, 6.82235e-10, -3.53903e-08, -6.2678e-07, 2.79358e-08, -1, -2.98147e-08, 1, 5.74275e-08, 2.26172e-06, 0.0681172, 0.00343329)

[node name="Physical Bone LowerArm_R" parent="Armature3/Skeleton3D" index="11"]
transform = Transform3D(-0.00828917, -0.404162, 0.914818, -0.737019, 0.616893, 0.267348, -0.675743, -0.672005, -0.302757, -0.335777, 0.504601, 0.0213076)
joint_offset = Transform3D(1, 0, 0, 0, 1, 0, 0, 0, 1, 7.09668e-06, -6.25812e-05, 0.0770435)
body_offset = Transform3D(0.675794, 0.676909, 0.291518, 3.81656e-06, 0.395893, -0.918461, -0.737019, 0.616893, 0.267348, -0.022422, 0.0707862, -0.0205536)

[node name="Physical Bone Thumb_1_R" parent="Armature3/Skeleton3D" index="12"]
transform = Transform3D(-0.000405533, -0.113284, 0.99319, -0.704019, 0.704987, 0.080062, -0.709056, -0.69988, -0.0800902, -0.442797, 0.481064, 0.0475613)
joint_offset = Transform3D(1, 0, 0, 0, 1, 0, 0, 0, 1, 7.49352e-07, 2.15636e-07, 0.0370654)
body_offset = Transform3D(0.999201, -3.65376e-05, 2.08057e-05, 2.5332e-07, 3.28943e-06, -0.999625, 1.19507e-05, 0.999836, -1.30534e-05, -1.51992e-06, 0.0370515, 2.68221e-07)

[node name="Physical Bone Finger_1_1_R" parent="Armature3/Skeleton3D" index="13"]
transform = Transform3D(7.80073e-05, 0.111764, 0.993664, 0.00067175, 0.993701, -0.111758, -0.996099, 0.00067271, 1.69918e-06, -0.467244, 0.570619, 0.0301111)
joint_offset = Transform3D(1, 0, 0, 0, 1, 0, 0, 0, 1, -2.21401e-05, -4.55649e-06, 0.0442166)
body_offset = Transform3D(0.996099, 6.31588e-06, 4.22041e-07, -3.64135e-07, -2.28873e-06, -0.999929, -2.09839e-07, 0.999967, -7.51355e-07, 2.20351e-05, 0.0442134, 4.58956e-06)

[node name="Physical Bone Finger_2_1_R" parent="Armature3/Skeleton3D" index="14"]
transform = Transform3D(7.81211e-05, 0.111766, 0.993735, 0.000674582, 0.993734, -0.111765, -1, 0.000679414, 2.56966e-06, -0.467269, 0.570381, -0.0394566)
joint_offset = Transform3D(1, 0, 0, 0, 1, 0, 0, 0, 1, -4.53112e-05, 0.000234273, 0.0442114)
body_offset = Transform3D(1, -3.65544e-07, -4.07234e-07, -1.12327e-07, -1.50455e-07, -1, -3.25381e-08, 1, 7.39353e-07, 4.53293e-05, 0.0442114, -0.000234306)

[node name="Physical Bone Hips" parent="Armature2/Skeleton3D" index="2"]
transform = Transform3D(-1.22505e-10, -0.576808, -0.81688, 0, -0.81688, 0.576808, -1, 7.07168e-11, 1.00115e-10, 0.0487734, 0.354387, -1.77636e-15)
joint_offset = Transform3D(1, 0, 0, 0, 1, 0, 0, 0, 1, 5.97566e-12, 4.47035e-08, 0.0597069)
body_offset = Transform3D(6.34505e-08, -0.576808, -0.81688, 0, 0.81688, -0.576808, 1, 3.65987e-08, 5.18314e-08, 0.0487734, 0.0344394, -3.10067e-09)

[node name="Physical Bone UpperLeg_L" parent="Armature2/Skeleton3D" index="3"]
transform = Transform3D(1, 5.34888e-13, -8.69539e-08, 8.68785e-08, -0.0416328, 0.999133, -3.62004e-09, -0.999133, -0.0416328, 0.0975467, 0.272284, 0.00198662)
joint_offset = Transform3D(1, 0, 0, 0, 1, 0, 0, 0, 1, -3.42877e-09, 5.63272e-07, 0.0477042)
body_offset = Transform3D(1, 4.42507e-13, -8.43072e-08, -8.43072e-08, 3.72529e-09, -1, 7.10543e-15, 1, 3.72529e-09, 7.45058e-09, 0.0477042, -5.6345e-07)

[node name="Physical Bone UpperLeg_R" parent="Armature2/Skeleton3D" index="4"]
transform = Transform3D(1, 5.34124e-13, 6.92192e-08, -6.91645e-08, -0.0416328, 0.999133, 2.88212e-09, -0.999133, -0.0416328, -0.0975467, 0.272284, 0.00198662)
joint_offset = Transform3D(1, 0, 0, 0, 1, 0, 0, 0, 1, -3.4283e-09, 5.63272e-07, 0.0477042)
body_offset = Transform3D(1, 4.41744e-13, 7.18659e-08, 7.18712e-08, 3.72529e-09, -1, -1.17684e-14, 1, 3.72529e-09, 0, 0.0477042, -5.6345e-07)

[node name="Physical Bone UpperArm_L" parent="Armature2/Skeleton3D" index="5"]
transform = Transform3D(0.0145391, 1.09949e-06, -0.999894, 1.04273e-06, 0.999612, 1.12172e-06, 0.999894, -1.19247e-06, 0.0145385, 0.197161, 0.52901, -0.000986398)
joint_offset = Transform3D(1, 0, 0, 0, 1, 0, 0, 0, 1, -3.85651e-06, -0.00385607, 0.0681172)
body_offset = Transform3D(1, -1.18302e-07, 5.58794e-09, 6.22123e-07, 1.18128e-07, -1, 5.92578e-08, 0.999612, 4.88384e-08, 3.85568e-06, 0.0681172, 0.00385457)

[node name="Physical Bone LowerArm_L" parent="Armature2/Skeleton3D" index="6"]
transform = Transform3D(-0.00828917, 0.403831, -0.91485, 0.736631, 0.62036, 0.26696, 0.675721, -0.672008, -0.302807, 0.335386, 0.504601, 0.0213115)
joint_offset = Transform3D(1, 0, 0, 0, 1, 0, 0, 0, 1, 1.22068e-05, 0.000115116, 0.0766923)
body_offset = Transform3D(0.675772, -0.676908, -0.291568, -3.96278e-06, 0.395561, -0.918494, 0.736631, 0.62036, 0.26696, 0.0224307, 0.0703959, -0.0205542)

[node name="Physical Bone Thumb_1_L" parent="Armature2/Skeleton3D" index="7"]
transform = Transform3D(-0.000199259, 0.113287, -0.992857, 0.703846, 0.705021, 0.0801043, 0.706738, -0.699909, -0.0800151, 0.442799, 0.481063, 0.0475517)
joint_offset = Transform3D(1, 0, 0, 0, 1, 0, 0, 0, 1, 3.54262e-06, -6.66057e-06, 0.0370786)
body_offset = Transform3D(0.997434, 3.95775e-05, 6.22459e-05, 3.29725e-05, 9.574e-07, -0.999292, 0.00151208, 0.99988, 1.83657e-06, -5.84126e-06, 0.0370523, 6.58631e-06)

[node name="Physical Bone Finger_1_1_L" parent="Armature2/Skeleton3D" index="8"]
transform = Transform3D(7.78059e-05, -0.111764, -0.993735, -0.000674506, 0.993726, -0.111766, 1, 0.000679213, 2.11586e-06, 0.467248, 0.570618, 0.0301253)
joint_offset = Transform3D(1, 0, 0, 0, 1, 0, 0, 0, 1, 7.89234e-06, -3.31785e-06, 0.0442181)
body_offset = Transform3D(1, 2.52621e-07, 1.61363e-07, 1.4749e-08, 4.68084e-07, -1, 6.04196e-08, 0.999992, -4.53049e-07, -7.89948e-06, 0.0442181, 3.33786e-06)

[node name="Physical Bone Finger_2_1_L" parent="Armature2/Skeleton3D" index="9"]
transform = Transform3D(7.78784e-05, -0.111766, -0.993735, -0.000674498, 0.993726, -0.111766, 1, 0.000674655, 2.70296e-06, 0.467244, 0.569179, -0.0393468)
joint_offset = Transform3D(1, 0, 0, 0, 1, 0, 0, 0, 1, -6.52661e-05, 0.00142612, 0.0440519)
body_offset = Transform3D(1, -4.30597e-06, 7.0824e-07, 4.74181e-08, -1.0444e-06, -1, 6.04196e-08, 0.999992, -1.84429e-07, 6.5241e-05, 0.0440519, -0.0014261)

[node name="Physical Bone UpperArm_R" parent="Armature2/Skeleton3D" index="10"]
transform = Transform3D(0.0145393, -1.0114e-06, 0.999894, -1.01329e-06, 1, 1.13031e-06, -0.999894, -1.07397e-06, 0.0145387, -0.197161, 0.528575, -0.00100957)
joint_offset = Transform3D(1, 0, 0, 0, 1, 0, 0, 0, 1, -1.92949e-05, -0.00341994, 0.0681179)
body_offset = Transform3D(1, 6.82235e-10, -3.53903e-08, -6.2678e-07, 2.79358e-08, -1, -2.98147e-08, 1, 5.74275e-08, 1.92974e-05, 0.0681179, 0.00341994)

[node name="Physical Bone LowerArm_R" parent="Armature2/Skeleton3D" index="11"]
transform = Transform3D(-0.00828917, -0.40416, 0.914818, -0.737019, 0.616889, 0.267348, -0.675743, -0.672005, -0.302757, -0.335777, 0.504601, 0.0212977)
joint_offset = Transform3D(1, 0, 0, 0, 1, 0, 0, 0, 1, 2.98023e-08, -6.89374e-05, 0.0770407)
body_offset = Transform3D(0.675794, 0.676909, 0.291518, 3.81656e-06, 0.395891, -0.918461, -0.737019, 0.616889, 0.267348, -0.0224121, 0.0707861, -0.0205541)

[node name="Physical Bone Thumb_1_R" parent="Armature2/Skeleton3D" index="12"]
transform = Transform3D(-0.000405158, -0.113284, 0.99319, -0.703994, 0.704987, 0.080062, -0.709028, -0.69988, -0.0800902, -0.442795, 0.481063, 0.0475622)
joint_offset = Transform3D(1, 0, 0, 0, 1, 0, 0, 0, 1, 1.82772e-07, 2.27232e-06, 0.0370637)
body_offset = Transform3D(0.999164, -3.65376e-05, 2.08057e-05, 7.45058e-08, 3.28943e-06, -0.999625, 1.03414e-05, 0.999836, -1.30534e-05, -9.53674e-07, 0.0370498, -1.78814e-06)

[node name="Physical Bone Finger_1_1_R" parent="Armature2/Skeleton3D" index="13"]
transform = Transform3D(7.80072e-05, 0.111764, 0.993664, 0.000671747, 0.993701, -0.111758, -0.996095, 0.000672723, 1.69971e-06, -0.467248, 0.570614, 0.0300378)
joint_offset = Transform3D(1, 0, 0, 0, 1, 0, 0, 0, 1, -9.56572e-05, 6.29273e-07, 0.0442208)
body_offset = Transform3D(0.996095, 6.30296e-06, 4.21512e-07, -3.64442e-07, -2.28873e-06, -0.999929, -2.1013e-07, 0.999967, -7.51354e-07, 9.5265e-05, 0.0442176, -5.96046e-07)

[node name="Physical Bone Finger_2_1_R" parent="Armature2/Skeleton3D" index="14"]
transform = Transform3D(7.81211e-05, 0.111766, 0.993735, 0.000674582, 0.993734, -0.111765, -1, 0.000679432, 2.5683e-06, -0.46725, 0.570607, -0.0394142)
joint_offset = Transform3D(1, 0, 0, 0, 1, 0, 0, 0, 1, -3.02561e-06, 7.89473e-06, 0.0442179)
body_offset = Transform3D(1, -3.82599e-07, -4.05869e-07, -1.12327e-07, -1.50455e-07, -1, -3.25381e-08, 1, 7.39352e-07, 3.04356e-06, 0.0442179, -7.92742e-06)

[node name="Physical Bone Body" parent="Armature/Skeleton3D" index="1"]
transform = Transform3D(1, -8.92297e-11, -8.70657e-08, -1.81467e-08, 0.978219, -0.207574, 8.55186e-08, 0.207574, 0.978219, -7.40167e-15, 0.31112, -0.0517609)
joint_offset = Transform3D(1, 0, 0, 0, 1, 0, 0, 0, 1, 8.90837e-16, -2.68221e-07, -7.45058e-08)
body_offset = Transform3D(1, -8.92655e-11, 3.57041e-10, 0, 1, 1.04308e-07, 0, -1.04308e-07, 1, -8.88178e-16, 2.68221e-07, 7.45058e-08)

[node name="Physical Bone Hips" parent="Armature/Skeleton3D" index="2"]
transform = Transform3D(2.34472e-10, -0.576808, -0.81688, 0.207574, -0.799087, 0.564245, -0.978219, -0.169563, 0.119731, 0.0487734, 0.277429, -0.05891)
joint_offset = Transform3D(1, 0, 0, 0, 1, 0, 0, 0, 1, -2.93571e-08, -1.03004e-06, 0.0597077)
body_offset = Transform3D(6.38075e-08, -0.576808, -0.81688, 1.04308e-07, 0.816879, -0.576808, 1, 3.27826e-07, -7.45058e-09, 0.0487734, 0.0344407, 2.98023e-08)

[node name="Physical Bone UpperLeg_L" parent="Armature/Skeleton3D" index="3"]
transform = Transform3D(0.862984, -0.112381, -0.492623, -0.0364058, -0.986308, 0.16121, -0.503917, -0.121189, -0.85524, 0.121046, 0.236058, -0.025256)
joint_offset = Transform3D(1, 0, 0, 0, 1, 0, 0, 0, 1, 3.4263e-06, 7.27491e-06, 0.0477058)
body_offset = Transform3D(1, -6.45965e-06, -2.51234e-05, -2.98023e-07, -1.29491e-05, -1.00005, -1.30385e-07, 1.00006, -8.50856e-06, -2.22772e-06, 0.0477082, -6.86944e-06)

[node name="Physical Bone UpperLeg_R" parent="Armature/Skeleton3D" index="4"]
transform = Transform3D(0.862985, 0.112371, 0.492582, 0.0364066, -0.986215, 0.16119, 0.503917, -0.121173, -0.855208, -0.121046, 0.23605, -0.0252588)
joint_offset = Transform3D(1, 0, 0, 0, 1, 0, 0, 0, 1, -1.63942e-07, -1.70951e-06, 0.0477074)
body_offset = Transform3D(1, 9.23872e-06, 4.52995e-06, -2.98023e-07, -1.09375e-05, -1, -1.37836e-07, 0.999965, 8.49366e-07, -5.21541e-08, 0.0477074, 1.66893e-06)

[node name="Physical Bone UpperArm_L" parent="Armature/Skeleton3D" index="5"]
transform = Transform3D(0.142682, 0.192058, -0.970971, 0.202604, 0.954697, 0.21857, 0.96881, -0.227934, 0.09729, 0.195191, 0.429593, -0.0300894)
joint_offset = Transform3D(1, 0, 0, 0, 1, 0, 0, 0, 1, -3.56511e-07, -1.11282e-06, 0.0681165)
body_offset = Transform3D(1, 3.26335e-06, -1.11014e-06, 3.7998e-07, 2.76975e-06, -1.00001, 5.06639e-07, 1.00014, 1.28392e-05, 4.32134e-07, 0.0681173, 2.38419e-07)

[node name="Physical Bone LowerArm_L" parent="Armature/Skeleton3D" index="6"]
transform = Transform3D(-0.517853, 0.821606, 0.238007, 0.845704, 0.532868, -3.44217e-05, -0.126623, 0.201599, -0.971254, 0.242995, 0.414643, 0.0377867)
joint_offset = Transform3D(1, 0, 0, 0, 1, 0, 0, 0, 1, 1.4808e-05, 9.84566e-05, 0.0767273)
body_offset = Transform3D(0.675775, -0.67691, -0.291571, -3.9041e-06, 0.395562, -0.918508, 0.736715, 0.620444, 0.267043, 0.0224281, 0.0704357, -0.0205615)

[node name="Physical Bone Thumb_1_L" parent="Armature/Skeleton3D" index="7"]
transform = Transform3D(-0.0476574, 0.0368313, 0.998244, 0.959051, -0.277415, 0.0560331, 0.278949, 0.960065, -0.0221008, 0.187724, 0.412586, 0.1135)
joint_offset = Transform3D(1, 0, 0, 0, 1, 0, 0, 0, 1, 3.28745e-07, 1.80019e-07, 0.037056)
body_offset = Transform3D(0.999931, 2.68221e-07, -2.42144e-08, 1.86265e-08, -2.12155e-06, -1.00006, -1.78814e-06, 1.00002, 1.77696e-06, -3.27826e-07, 0.0370582, -2.45869e-07)

[node name="Physical Bone Finger_1_1_L" parent="Armature/Skeleton3D" index="8"]
transform = Transform3D(-0.974404, 0.147977, -0.169519, 0.212763, 0.851099, -0.479964, 0.073269, -0.503719, -0.860754, 0.264014, 0.51434, 0.147893)
joint_offset = Transform3D(1, 0, 0, 0, 1, 0, 0, 0, 1, -7.27143e-06, -5.37188e-06, 0.0442151)
body_offset = Transform3D(1.00005, -5.26756e-06, 0, 5.24521e-06, 3.48687e-06, -1, -8.24779e-06, 1, -5.06639e-07, 7.27177e-06, 0.0442151, 5.39422e-06)

[node name="Physical Bone Finger_2_1_L" parent="Armature/Skeleton3D" index="9"]
transform = Transform3D(-0.974365, 0.14797, -0.169519, 0.212759, 0.851098, -0.479965, 0.0732589, -0.503724, -0.860754, 0.331774, 0.499495, 0.142816)
joint_offset = Transform3D(1, 0, 0, 0, 1, 0, 0, 0, 1, 8.06807e-07, -1.20345e-06, 0.0442146)
body_offset = Transform3D(1.00001, 7.7486e-07, -7.22706e-07, 1.18464e-06, -2.35438e-06, -1, -8.15839e-07, 1, -4.17233e-07, -7.7486e-07, 0.0442146, 1.2219e-06)

[node name="Physical Bone UpperArm_R" parent="Armature/Skeleton3D" index="10"]
transform = Transform3D(0.142687, -0.192103, 0.971229, -0.202611, 0.954906, 0.21864, -0.968833, -0.228029, 0.0973606, -0.195124, 0.429256, -0.0300087)
joint_offset = Transform3D(1, 0, 0, 0, 1, 0, 0, 0, 1, 3.80598e-06, 0.000351856, 0.0680988)
body_offset = Transform3D(1.00002, 3.91901e-05, -4.38392e-05, -4.09782e-07, 1.10846e-05, -1.00028, -1.83284e-06, 1.00037, 1.49906e-05, -8.34465e-07, 0.0681182, -0.000353009)

[node name="Physical Bone LowerArm_R" parent="Armature/Skeleton3D" index="11"]
transform = Transform3D(-0.517901, -0.821664, -0.238019, -0.846032, 0.533166, 0.000276715, 0.126686, 0.201549, -0.971276, -0.243037, 0.414716, 0.0381251)
joint_offset = Transform3D(1, 0, 0, 0, 1, 0, 0, 0, 1, 2.10479e-06, -5.63404e-05, 0.0770443)
body_offset = Transform3D(0.675886, 0.676906, 0.291519, 4.24683e-07, 0.395583, -0.918462, -0.737033, 0.62075, 0.267348, -0.0224231, 0.0707845, -0.0205611)

[node name="Physical Bone Thumb_1_R" parent="Armature/Skeleton3D" index="12"]
transform = Transform3D(-0.0476332, -0.0368102, -0.997916, -0.958484, -0.277384, 0.0559949, -0.278782, 0.959884, -0.0221192, -0.18773, 0.412587, 0.1135)
joint_offset = Transform3D(1, 0, 0, 0, 1, 0, 0, 0, 1, -6.83202e-07, 9.29881e-07, 0.0370617)
body_offset = Transform3D(0.99934, 2.13981e-05, 2.8071e-05, -1.9595e-06, 1.40537e-05, -0.99973, 1.84774e-06, 0.999837, -1.64416e-05, -3.57628e-07, 0.0370517, -3.20375e-07)

[node name="Physical Bone Finger_1_1_R" parent="Armature/Skeleton3D" index="13"]
transform = Transform3D(-0.974321, -0.147967, 0.169527, -0.212747, 0.851088, -0.480012, -0.0732554, -0.503717, -0.860773, -0.264021, 0.514336, 0.147891)
joint_offset = Transform3D(1, 0, 0, 0, 1, 0, 0, 0, 1, -1.16548e-07, -2.16963e-06, 0.0442106)
body_offset = Transform3D(0.999964, -4.80562e-07, 4.32134e-06, 7.59959e-07, -2.68221e-07, -1.00004, 1.87755e-06, 0.999988, -3.11434e-05, -7.45058e-08, 0.0442124, 3.54648e-06)

[node name="Physical Bone Finger_2_1_R" parent="Armature/Skeleton3D" index="14"]
transform = Transform3D(-0.974354, -0.14797, 0.16952, -0.212756, 0.851097, -0.479964, -0.0732576, -0.503721, -0.860754, -0.331777, 0.499497, 0.142816)
joint_offset = Transform3D(1, 0, 0, 0, 1, 0, 0, 0, 1, -3.05507e-06, -3.04167e-06, 0.0442161)
body_offset = Transform3D(0.999999, 3.42727e-07, 7.45058e-09, 3.05474e-07, 3.57628e-07, -1, 3.57628e-07, 0.999998, 7.15256e-07, 3.05474e-06, 0.0442161, 3.01003e-06)

[node name="SubViewport" type="SubViewport" parent="." index="5"]
disable_3d = true
transparent_bg = true

[node name="StaminaBar3D" parent="SubViewport" index="0" instance=ExtResource("2_ofcqc")]

[node name="Sprite3D" type="Sprite3D" parent="." index="6"]
transform = Transform3D(1, 0, 0, 0, 1, 0, 0, 0, 1, 0, 1.8, 0)
billboard = 1
texture = SubResource("ViewportTexture_c5o23")
